A->

3
1
0.2
2
0.4
3
0.8

B->

3
1
0.5
2
0.1
3
0.2

C->

3
1
0.5
2
0.2
3
0.7

D->

3
1
0.3
2
0.4
3
0.5


R->

0.2000    0.1000    0.2000
0.4000    0.1000    0.2000
0.5000    0.1000    0.2000

S->

0.3000    0.4000    0.5000
0.2000    0.2000    0.2000
0.3000    0.4000    0.5000




RS-> 

    0.2000    0.2000    0.2000
    0.2000    0.2000    0.2000
    0.2000    0.2000    0.2000

SR->

    0.5000    0.1000    0.2000
    0.2000    0.1000    0.2000
    0.5000    0.1000    0.2000

